name;charge0;charge1;charge2;charge3;charge4;charge5
Pochodne;5;20;60;150;190;230
Całki;5;20;60;150;190;230
Rachunek predykatów;10;50;150;400;600;850
Teoria mocy;10;50;150;400;600;850
Relacje;15;80;250;600;800;1000
Przestrzenie liniowe;20;100;300;700;900;1100
Teoria grup;20;100;300;700;900;1100
Teoria podzielności;25;130;400;900;1100;1400
Semantyki;30;150;450;1000;1300;1600
Prolog;30;150;450;1000;1300;1600
Haskell;35;180;550;1200;1500;1900
Rozkłady prob.;35;180;550;1200;1500;1900
Estymacja;35;180;550;1200;1500;1900
MNK;40;200;600;1500;1850;2250;300
Kombinatoryka;45;220;650;1700;2000;2400
Anihilatory;45;220;650;1700;2000;2400
Teoria grafów;50;250;750;1800;2200;2600
Programowanie dynamiczne;55;280;800;1900;2400;2800
Haszowanie;55;280;800;1900;2400;2800
RBT,AVL i B-drzewa;60;300;1000;2000;2600;2900
Błędy numeryczne;70;350;1000;2000;2500;3000
Interpolacja;100;400;1200;2400;3000;4000
